[gd_scene format=3 uid="uid://cfh81msb20qx4"]

[ext_resource type="PackedScene" uid="uid://clc5dre31iskm" path="res://addons/godot-xr-tools/xr/start_xr.tscn" id="1_v4crp"]
[ext_resource type="Script" uid="uid://c8vnltn217quj" path="res://addons/godot-xr-tools/hands/collision_hand.gd" id="2_mgoiw"]
[ext_resource type="Script" uid="uid://2vypvkq7n27l" path="res://addons/godot-xr-tools/hands/physics_hand.gd" id="2_xm7cd"]
[ext_resource type="AnimationNodeBlendTree" uid="uid://dl8yf7ipqotd1" path="res://addons/godot-xr-tools/hands/animations/left/hand_blend_tree.tres" id="3_ga5yn"]
[ext_resource type="Resource" uid="uid://dertgu7k8alls" path="res://addons/godot-xr-tools/hands/poses/pose_default_left.tres" id="4_lcqek"]
[ext_resource type="PackedScene" uid="uid://c4nba0qpi0uls" path="res://addons/godot-xr-tools/hands/model/Hand_Nails_low_L.gltf" id="5_81l5o"]
[ext_resource type="Script" uid="uid://bfo7c10rq6xuu" path="res://addons/godot-xr-tools/hands/hand_physics_bone.gd" id="6_itpvw"]
[ext_resource type="Material" uid="uid://dy6nhifvvmm73" path="res://addons/godot-xr-tools/hands/materials/caucasian_hand.tres" id="7_k1iu7"]
[ext_resource type="PackedScene" uid="uid://the6y7swe6j0" path="res://addons/godot-xr-tools/hands/animations/left/AnimationPlayer.tscn" id="7_xu6b7"]
[ext_resource type="Script" uid="uid://dc4hg8kq5ia5y" path="res://addons/godot-xr-tools/functions/movement_direct.gd" id="8_itpvw"]
[ext_resource type="AnimationNodeBlendTree" uid="uid://m85b1gogdums" path="res://addons/godot-xr-tools/hands/animations/right/hand_blend_tree.tres" id="8_k1iu7"]
[ext_resource type="Resource" uid="uid://dmpjtk0l8vh6v" path="res://addons/godot-xr-tools/hands/poses/pose_default_right.tres" id="9_754ui"]
[ext_resource type="Script" uid="uid://b18kkstg643yw" path="res://addons/godot-xr-tools/functions/function_pickup.gd" id="9_dmqwi"]
[ext_resource type="PackedScene" uid="uid://dunu03tc5vdbh" path="res://addons/godot-xr-tools/hands/model/Hand_Nails_low_R.gltf" id="10_dmqwi"]
[ext_resource type="PackedScene" uid="uid://bxipj7hyjwy6f" path="res://addons/godot-xr-tools/hands/animations/right/AnimationPlayer.tscn" id="11_aknks"]
[ext_resource type="PackedScene" uid="uid://diyu06cw06syv" path="res://addons/godot-xr-tools/player/player_body.tscn" id="14_k1iu7"]
[ext_resource type="Script" uid="uid://cjfu28jmrajlo" path="res://addons/godot-xr-tools/overrides/ground_physics_settings.gd" id="17_k1iu7"]

[sub_resource type="ProceduralSkyMaterial" id="ProceduralSkyMaterial_bd3bk"]
sky_horizon_color = Color(0.66224277, 0.6717428, 0.6867428, 1)
ground_horizon_color = Color(0.66224277, 0.6717428, 0.6867428, 1)

[sub_resource type="Sky" id="Sky_ff227"]
sky_material = SubResource("ProceduralSkyMaterial_bd3bk")

[sub_resource type="Environment" id="Environment_l2unk"]
background_mode = 2
sky = SubResource("Sky_ff227")
tonemap_mode = 2

[sub_resource type="BoxShape3D" id="BoxShape3D_dmqwi"]
size = Vector3(2, 1, 1)

[sub_resource type="StandardMaterial3D" id="StandardMaterial3D_aknks"]
albedo_color = Color(0.3180198, 0.31801978, 0.31801975, 1)

[sub_resource type="BoxMesh" id="BoxMesh_wv2la"]
material = SubResource("StandardMaterial3D_aknks")

[sub_resource type="BoxShape3D" id="BoxShape3D_e0dst"]
size = Vector3(0.045, 0.075, 0.1)

[sub_resource type="AnimationNodeAnimation" id="AnimationNodeAnimation_xu6b7"]
animation = &"Grip"

[sub_resource type="AnimationNodeAnimation" id="AnimationNodeAnimation_k1iu7"]
animation = &"Grip"

[sub_resource type="AnimationNodeBlend2" id="AnimationNodeBlend2_754ui"]
filter_enabled = true
filters = ["Armature/Skeleton3D:Little_Distal_L", "Armature/Skeleton3D:Little_Intermediate_L", "Armature/Skeleton3D:Little_Metacarpal_L", "Armature/Skeleton3D:Little_Proximal_L", "Armature/Skeleton3D:Middle_Distal_L", "Armature/Skeleton3D:Middle_Intermediate_L", "Armature/Skeleton3D:Middle_Metacarpal_L", "Armature/Skeleton3D:Middle_Proximal_L", "Armature/Skeleton3D:Ring_Distal_L", "Armature/Skeleton3D:Ring_Intermediate_L", "Armature/Skeleton3D:Ring_Metacarpal_L", "Armature/Skeleton3D:Ring_Proximal_L", "Armature/Skeleton3D:Thumb_Distal_L", "Armature/Skeleton3D:Thumb_Metacarpal_L", "Armature/Skeleton3D:Thumb_Proximal_L", "Armature/Skeleton:Little_Distal_L", "Armature/Skeleton:Little_Intermediate_L", "Armature/Skeleton:Little_Proximal_L", "Armature/Skeleton:Middle_Distal_L", "Armature/Skeleton:Middle_Intermediate_L", "Armature/Skeleton:Middle_Proximal_L", "Armature/Skeleton:Ring_Distal_L", "Armature/Skeleton:Ring_Intermediate_L", "Armature/Skeleton:Ring_Proximal_L", "Armature/Skeleton:Thumb_Distal_L", "Armature/Skeleton:Thumb_Proximal_L"]

[sub_resource type="AnimationNodeAnimation" id="AnimationNodeAnimation_dmqwi"]
animation = &"Grip 5"

[sub_resource type="AnimationNodeBlend2" id="AnimationNodeBlend2_aknks"]
filter_enabled = true
filters = ["Armature/Skeleton3D:Index_Distal_L", "Armature/Skeleton3D:Index_Intermediate_L", "Armature/Skeleton3D:Index_Metacarpal_L", "Armature/Skeleton3D:Index_Proximal_L", "Armature/Skeleton:Index_Distal_L", "Armature/Skeleton:Index_Intermediate_L", "Armature/Skeleton:Index_Proximal_L"]

[sub_resource type="AnimationNodeBlendTree" id="AnimationNodeBlendTree_wv2la"]
graph_offset = Vector2(-536, 11)
nodes/ClosedHand1/node = SubResource("AnimationNodeAnimation_xu6b7")
nodes/ClosedHand1/position = Vector2(-600, 300)
nodes/ClosedHand2/node = SubResource("AnimationNodeAnimation_k1iu7")
nodes/ClosedHand2/position = Vector2(-360, 300)
nodes/Grip/node = SubResource("AnimationNodeBlend2_754ui")
nodes/Grip/position = Vector2(0, 20)
nodes/OpenHand/node = SubResource("AnimationNodeAnimation_dmqwi")
nodes/OpenHand/position = Vector2(-600, 100)
nodes/Trigger/node = SubResource("AnimationNodeBlend2_aknks")
nodes/Trigger/position = Vector2(-360, 20)
node_connections = [&"output", 0, &"Grip", &"Grip", 0, &"Trigger", &"Grip", 1, &"ClosedHand2", &"Trigger", 0, &"OpenHand", &"Trigger", 1, &"ClosedHand1"]

[sub_resource type="BoxShape3D" id="BoxShape3D_ugpei"]
size = Vector3(0.045, 0.075, 0.1)

[sub_resource type="AnimationNodeAnimation" id="AnimationNodeAnimation_p56at"]
animation = &"Grip"

[sub_resource type="AnimationNodeAnimation" id="AnimationNodeAnimation_6wwl8"]
animation = &"Grip"

[sub_resource type="AnimationNodeBlend2" id="AnimationNodeBlend2_nb5sh"]
filter_enabled = true
filters = ["Armature/Skeleton3D:Little_Distal_R", "Armature/Skeleton3D:Little_Intermediate_R", "Armature/Skeleton3D:Little_Metacarpal_R", "Armature/Skeleton3D:Little_Proximal_R", "Armature/Skeleton3D:Middle_Distal_R", "Armature/Skeleton3D:Middle_Intermediate_R", "Armature/Skeleton3D:Middle_Metacarpal_R", "Armature/Skeleton3D:Middle_Proximal_R", "Armature/Skeleton3D:Ring_Distal_R", "Armature/Skeleton3D:Ring_Intermediate_R", "Armature/Skeleton3D:Ring_Metacarpal_R", "Armature/Skeleton3D:Ring_Proximal_R", "Armature/Skeleton3D:Thumb_Distal_R", "Armature/Skeleton3D:Thumb_Metacarpal_R", "Armature/Skeleton3D:Thumb_Proximal_R", "Armature/Skeleton:Little_Distal_R", "Armature/Skeleton:Little_Intermediate_R", "Armature/Skeleton:Little_Proximal_R", "Armature/Skeleton:Middle_Distal_R", "Armature/Skeleton:Middle_Intermediate_R", "Armature/Skeleton:Middle_Proximal_R", "Armature/Skeleton:Ring_Distal_R", "Armature/Skeleton:Ring_Intermediate_R", "Armature/Skeleton:Ring_Proximal_R", "Armature/Skeleton:Thumb_Distal_R", "Armature/Skeleton:Thumb_Proximal_R"]

[sub_resource type="AnimationNodeAnimation" id="AnimationNodeAnimation_dsm57"]
animation = &"Grip 5"

[sub_resource type="AnimationNodeBlend2" id="AnimationNodeBlend2_81lxj"]
filter_enabled = true
filters = ["Armature/Skeleton3D:Index_Distal_R", "Armature/Skeleton3D:Index_Intermediate_R", "Armature/Skeleton3D:Index_Metacarpal_R", "Armature/Skeleton3D:Index_Proximal_R", "Armature/Skeleton:Index_Distal_R", "Armature/Skeleton:Index_Intermediate_R", "Armature/Skeleton:Index_Proximal_R"]

[sub_resource type="AnimationNodeBlendTree" id="AnimationNodeBlendTree_qc1hd"]
graph_offset = Vector2(-552.664, 107.301)
nodes/ClosedHand1/node = SubResource("AnimationNodeAnimation_p56at")
nodes/ClosedHand1/position = Vector2(-600, 300)
nodes/ClosedHand2/node = SubResource("AnimationNodeAnimation_6wwl8")
nodes/ClosedHand2/position = Vector2(-360, 300)
nodes/Grip/node = SubResource("AnimationNodeBlend2_nb5sh")
nodes/Grip/position = Vector2(0, 40)
nodes/OpenHand/node = SubResource("AnimationNodeAnimation_dsm57")
nodes/OpenHand/position = Vector2(-600, 100)
nodes/Trigger/node = SubResource("AnimationNodeBlend2_81lxj")
nodes/Trigger/position = Vector2(-360, 40)
node_connections = [&"output", 0, &"Grip", &"Grip", 0, &"Trigger", &"Grip", 1, &"ClosedHand2", &"Trigger", 0, &"OpenHand", &"Trigger", 1, &"ClosedHand1"]

[sub_resource type="Resource" id="Resource_754ui"]
script = ExtResource("17_k1iu7")
metadata/_custom_type_script = "uid://cjfu28jmrajlo"

[sub_resource type="StandardMaterial3D" id="StandardMaterial3D_xu6b7"]
albedo_color = Color(0.34901962, 0.12156863, 1, 1)

[sub_resource type="BoxMesh" id="BoxMesh_k1iu7"]
material = SubResource("StandardMaterial3D_xu6b7")
size = Vector3(12, 1, 12)

[sub_resource type="BoxShape3D" id="BoxShape3D_754ui"]
size = Vector3(12, 1, 12)

[node name="PhysicalPlayerPlayground" type="Node3D" unique_id=3412258]

[node name="WorldEnvironment" type="WorldEnvironment" parent="." unique_id=1853024818]
environment = SubResource("Environment_l2unk")

[node name="DirectionalLight3D" type="DirectionalLight3D" parent="." unique_id=872405303]
transform = Transform3D(-0.8660254, -0.43301278, 0.25, 0, 0.49999997, 0.86602545, -0.50000006, 0.75, -0.43301266, 0, 0, 0)
shadow_enabled = true

[node name="StartXR" parent="." unique_id=852351190 instance=ExtResource("1_v4crp")]

[node name="Table" type="StaticBody3D" parent="." unique_id=739639120]
transform = Transform3D(1, 0, 0, 0, 1, 0, 0, 0, 1, 0, 0.5, -2.5)

[node name="TableSection" type="CollisionShape3D" parent="Table" unique_id=130956657]
shape = SubResource("BoxShape3D_dmqwi")

[node name="MeshInstance3D" type="MeshInstance3D" parent="Table/TableSection" unique_id=915627466]
transform = Transform3D(2, 0, 0, 0, 1, 0, 0, 0, 1, 0, 0, 0)
mesh = SubResource("BoxMesh_wv2la")

[node name="Column1" type="StaticBody3D" parent="." unique_id=969861794]
transform = Transform3D(-4.371139e-08, 1, 0, -1, -4.371139e-08, 0, 0, 0, 1, -1.5, 1.5, -2.5)

[node name="CollisionShape3D" type="CollisionShape3D" parent="Column1" unique_id=1614483408]
shape = SubResource("BoxShape3D_dmqwi")

[node name="MeshInstance3D" type="MeshInstance3D" parent="Column1/CollisionShape3D" unique_id=1897040262]
transform = Transform3D(3, 0, 0, 0, 1, 0, 0, 0, 1, 0, 0, 0)
mesh = SubResource("BoxMesh_wv2la")

[node name="Column2" type="StaticBody3D" parent="." unique_id=94489557]
transform = Transform3D(-4.371139e-08, 1, 0, -1, -4.371139e-08, 0, 0, 0, 1, 1.5, 1.5, -2.5)

[node name="CollisionShape3D" type="CollisionShape3D" parent="Column2" unique_id=452592757]
shape = SubResource("BoxShape3D_dmqwi")

[node name="MeshInstance3D" type="MeshInstance3D" parent="Column2/CollisionShape3D" unique_id=1797406668]
transform = Transform3D(3, 0, 0, 0, 1, 0, 0, 0, 1, 0, 0, 0)
mesh = SubResource("BoxMesh_wv2la")

[node name="VRPlayerRig" type="XROrigin3D" parent="." unique_id=1052616745]
transform = Transform3D(-1, 0, -8.742278e-08, 0, 1, 0, 8.742278e-08, 0, -1, 0, 0.25, 0)

[node name="XRCamera3D" type="XRCamera3D" parent="VRPlayerRig" unique_id=1967577359]
transform = Transform3D(-1, 0, -8.742278e-08, 0, 1, 0, 8.742278e-08, 0, -1, 0, 1.6, 0)

[node name="LeftHand" type="XRController3D" parent="VRPlayerRig" unique_id=1481968238]
transform = Transform3D(-1, 0, -8.742278e-08, 0, 1, 0, 8.742278e-08, 0, -1, 1, 1, 1)
tracker = &"left_hand"

[node name="LeftCollisionHand" type="AnimatableBody3D" parent="VRPlayerRig/LeftHand" unique_id=415546176 node_paths=PackedStringArray("hand_skeleton")]
collision_layer = 2
collision_mask = 3
script = ExtResource("2_mgoiw")
hand_skeleton = NodePath("LeftPhysicsHand/Hand_Nails_low_L/Armature/Skeleton3D")
metadata/_custom_type_script = "uid://c8vnltn217quj"

[node name="CollisionShape3D" type="CollisionShape3D" parent="VRPlayerRig/LeftHand/LeftCollisionHand" unique_id=829927883]
shape = SubResource("BoxShape3D_e0dst")

[node name="LeftPhysicsHand" type="Node3D" parent="VRPlayerRig/LeftHand/LeftCollisionHand" unique_id=1800146350]
script = ExtResource("2_xm7cd")
bone_group = "LeftHand"
hand_blend_tree = ExtResource("3_ga5yn")
default_pose = ExtResource("4_lcqek")

[node name="Hand_Nails_low_L" parent="VRPlayerRig/LeftHand/LeftCollisionHand/LeftPhysicsHand" unique_id=2001128477 instance=ExtResource("5_81l5o")]
transform = Transform3D(1, 0, 0, 0, 1, 0, 0, 0, 1, -0.01, 0, 0.05)

[node name="Skeleton3D" parent="VRPlayerRig/LeftHand/LeftCollisionHand/LeftPhysicsHand/Hand_Nails_low_L/Armature" parent_id_path=PackedInt32Array(2001128477, 664444128) index="0" unique_id=541159602]
bones/1/rotation = Quaternion(0.323537, -2.5658142e-05, -0.027220426, 0.9458239)
bones/2/rotation = Quaternion(-0.09044407, -0.04151748, -0.16629349, 0.98104167)
bones/3/rotation = Quaternion(-0.04661986, 0.02097099, 0.010327632, 0.9986392)
bones/5/rotation = Quaternion(-0.0012845465, -0.011608094, -0.016825877, 0.99979025)
bones/6/rotation = Quaternion(0.10292491, -0.009932083, -0.007944166, 0.9946078)
bones/7/rotation = Quaternion(-0.012859, -0.023610815, -0.32325828, 0.9459289)
bones/8/rotation = Quaternion(0.012057539, -0.009291937, -0.24747224, 0.96877545)
bones/10/rotation = Quaternion(-0.035753887, -0.0004000325, 0.0063676415, 0.9993403)
bones/11/rotation = Quaternion(-0.0026496367, -0.0011447113, -0.12599176, 0.9920271)
bones/12/rotation = Quaternion(0.039422527, 0.0019339261, -0.22807404, 0.97284347)
bones/13/rotation = Quaternion(-0.012339468, -0.008812943, -0.28066906, 0.9596848)
bones/15/rotation = Quaternion(-0.070265576, 0.010190836, -0.024330735, 0.9971795)
bones/16/rotation = Quaternion(-0.032063447, -0.002236244, -0.06863657, 0.99712384)
bones/17/rotation = Quaternion(0.025345208, 0.008124622, -0.2490055, 0.9681363)
bones/18/rotation = Quaternion(0.0025223217, 0.007880732, -0.2432038, 0.9699399)
bones/20/rotation = Quaternion(-0.09173688, 0.020302717, -0.010182976, 0.9955242)
bones/21/rotation = Quaternion(-0.06251818, -0.00022572002, -0.115392834, 0.99135065)
bones/22/rotation = Quaternion(0.058578636, 0.021648303, -0.26990518, 0.9608596)
bones/23/rotation = Quaternion(0.006871769, -0.0035727466, -0.21195254, 0.97724926)

[node name="mesh_Hand_Nails_low_L" parent="VRPlayerRig/LeftHand/LeftCollisionHand/LeftPhysicsHand/Hand_Nails_low_L/Armature/Skeleton3D" index="0" unique_id=912898629]
surface_material_override/0 = ExtResource("7_k1iu7")

[node name="BoneRoot" type="BoneAttachment3D" parent="VRPlayerRig/LeftHand/LeftCollisionHand/LeftPhysicsHand/Hand_Nails_low_L/Armature/Skeleton3D" index="1" unique_id=1990111940]
transform = Transform3D(1, -1.8307694e-05, 1.526405e-08, 1.5267688e-08, 0.0016677378, 0.99999857, -1.8307695e-05, -0.9999985, 0.001667738, 3.8642522e-08, -1.8697472e-05, 0.027175574)
bone_name = "Wrist_L"
bone_idx = 0
script = ExtResource("6_itpvw")
width_ratio = 0.8

[node name="BoneThumbMetacarpal" type="BoneAttachment3D" parent="VRPlayerRig/LeftHand/LeftCollisionHand/LeftPhysicsHand/Hand_Nails_low_L/Armature/Skeleton3D" index="2" unique_id=366485539]
transform = Transform3D(0.99851906, 0.05146041, -0.017650949, -0.017650954, 0.61333454, 0.7896257, 0.051460408, -0.7881447, 0.6133346, 0.009999541, 0.020026565, 3.5932288e-05)
bone_name = "Thumb_Metacarpal_L"
bone_idx = 1
script = ExtResource("6_itpvw")
length = 0.05

[node name="BoneThumbProximal" type="BoneAttachment3D" parent="VRPlayerRig/LeftHand/LeftCollisionHand/LeftPhysicsHand/Hand_Nails_low_L/Armature/Skeleton3D" index="3" unique_id=869203178]
transform = Transform3D(0.92147875, 0.3839583, -0.058762792, -0.12405168, 0.43426406, 0.8922026, 0.36808717, -0.8148562, 0.44779575, 0.012310961, 0.0475754, -0.035364762)
bone_name = "Thumb_Proximal_L"
bone_idx = 2
script = ExtResource("6_itpvw")

[node name="BoneThumbDistal" type="BoneAttachment3D" parent="VRPlayerRig/LeftHand/LeftCollisionHand/LeftPhysicsHand/Hand_Nails_low_L/Armature/Skeleton3D" index="4" unique_id=1736796156]
transform = Transform3D(0.9301587, 0.36684424, 0.015170805, -0.15403655, 0.3523961, 0.923087, 0.33328292, -0.8609542, 0.38429177, 0.028493993, 0.06587872, -0.069709234)
bone_name = "Thumb_Distal_L"
bone_idx = 3
script = ExtResource("6_itpvw")
length = 0.02

[node name="BoneIndexMetacarpal" type="BoneAttachment3D" parent="VRPlayerRig/LeftHand/LeftCollisionHand/LeftPhysicsHand/Hand_Nails_low_L/Armature/Skeleton3D" index="5" unique_id=1935187986]
transform = Transform3D(0.9991648, 0.03365621, -0.023168128, 0.023198463, -0.0005111295, 0.99973065, 0.03363531, -0.99943316, -0.0012914749, -0.010000459, 0.022431742, 3.5928562e-05)
bone_name = "Index_Metacarpal_L"
bone_idx = 5
script = ExtResource("6_itpvw")
length = 0.08
width_ratio = 0.2

[node name="BoneIndexProximal" type="BoneAttachment3D" parent="VRPlayerRig/LeftHand/LeftCollisionHand/LeftPhysicsHand/Hand_Nails_low_L/Armature/Skeleton3D" index="6" unique_id=471098651]
transform = Transform3D(0.99782103, 0.041938446, -0.050932642, 0.04131695, 0.20466141, 0.97796035, 0.051438086, -0.97793394, 0.20248269, -0.0072955904, 0.022390667, -0.0802861)
bone_name = "Index_Proximal_L"
bone_idx = 6
script = ExtResource("6_itpvw")

[node name="BoneIndexMiddle" type="BoneAttachment3D" parent="VRPlayerRig/LeftHand/LeftCollisionHand/LeftPhysicsHand/Hand_Nails_low_L/Armature/Skeleton3D" index="7" unique_id=682964116]
transform = Transform3D(0.7598513, 0.6444533, -0.0854741, -0.040588047, 0.17825112, 0.9831475, 0.64882857, -0.7435767, 0.16160142, -0.00569705, 0.030191608, -0.117561355)
bone_name = "Index_Intermediate_L"
bone_idx = 7
script = ExtResource("6_itpvw")
length = 0.025
bone_group = "IndexFinger"

[node name="BoneIndexDistal" type="BoneAttachment3D" parent="VRPlayerRig/LeftHand/LeftCollisionHand/LeftPhysicsHand/Hand_Nails_low_L/Armature/Skeleton3D" index="8" unique_id=62265311]
transform = Transform3D(0.35646763, 0.92711097, -0.11574115, -0.109286234, 0.16440362, 0.9803203, 0.92789406, -0.33680356, 0.159925, 0.014503772, 0.03577901, -0.14086926)
bone_name = "Index_Distal_L"
bone_idx = 8
script = ExtResource("6_itpvw")
length = 0.02
bone_group = "IndexFinger"

[node name="BoneMiddleMetacarpal" type="BoneAttachment3D" parent="VRPlayerRig/LeftHand/LeftCollisionHand/LeftPhysicsHand/Hand_Nails_low_L/Armature/Skeleton3D" index="9" unique_id=44086091]
transform = Transform3D(0.99991834, -0.0127165355, -0.0012561659, 0.0003654889, -0.06980224, 0.99756074, -0.012773201, -0.9974796, -0.0697919, -0.010000459, 0.0035541577, 3.5928562e-05)
bone_name = "Middle_Metacarpal_L"
bone_idx = 10
script = ExtResource("6_itpvw")
length = 0.08
width_ratio = 0.2

[node name="BoneMiddleProximal" type="BoneAttachment3D" parent="VRPlayerRig/LeftHand/LeftCollisionHand/LeftPhysicsHand/Hand_Nails_low_L/Armature/Skeleton3D" index="10" unique_id=1044749809]
transform = Transform3D(0.9713455, 0.23765375, -0.0029300377, 0.020733906, -0.07245027, 0.99715644, 0.23676565, -0.9686441, -0.07530175, -0.011023673, -0.0020623559, -0.080224514)
bone_name = "Middle_Proximal_L"
bone_idx = 11
script = ExtResource("6_itpvw")

[node name="BoneMiddleMiddle" type="BoneAttachment3D" parent="VRPlayerRig/LeftHand/LeftCollisionHand/LeftPhysicsHand/Hand_Nails_low_L/Armature/Skeleton3D" index="11" unique_id=1422541895]
transform = Transform3D(0.7649224, 0.6431615, -0.03517176, 0.029032733, 0.020122506, 0.9993758, 0.6434677, -0.76546603, -0.0032805875, -0.00032845605, -0.0053228606, -0.12381674)
bone_name = "Middle_Intermediate_L"
bone_idx = 12
script = ExtResource("6_itpvw")
length = 0.025

[node name="BoneMiddleDistal" type="BoneAttachment3D" parent="VRPlayerRig/LeftHand/LeftCollisionHand/LeftPhysicsHand/Hand_Nails_low_L/Armature/Skeleton3D" index="12" unique_id=1131445392]
transform = Transform3D(0.29711512, 0.9545305, -0.024381766, 0.037445363, 0.013867281, 0.9992023, 0.95410705, -0.29779115, -0.03162256, 0.020520713, -0.0046705557, -0.14863062)
bone_name = "Middle_Distal_L"
bone_idx = 13
script = ExtResource("6_itpvw")
length = 0.02

[node name="BoneRingMetacarpal" type="BoneAttachment3D" parent="VRPlayerRig/LeftHand/LeftCollisionHand/LeftPhysicsHand/Hand_Nails_low_L/Armature/Skeleton3D" index="13" unique_id=1536327866]
transform = Transform3D(0.99860924, 0.04707398, 0.023740869, -0.016988235, -0.13898116, 0.9901492, 0.049909797, -0.9891754, -0.13798817, -0.010000458, -0.01307344, 3.5930425e-05)
bone_name = "Ring_Metacarpal_L"
bone_idx = 15
script = ExtResource("6_itpvw")
length = 0.07
width_ratio = 0.2

[node name="BoneRingProximal" type="BoneAttachment3D" parent="VRPlayerRig/LeftHand/LeftCollisionHand/LeftPhysicsHand/Hand_Nails_low_L/Armature/Skeleton3D" index="14" unique_id=633585713]
transform = Transform3D(0.98296404, 0.18185404, 0.026658198, 0.010949358, -0.20272228, 0.97917485, 0.1834711, -0.96220183, -0.20125991, -0.006519627, -0.023350239, -0.073107496)
bone_name = "Ring_Proximal_L"
bone_idx = 16
script = ExtResource("6_itpvw")
length = 0.028

[node name="BoneRingMiddle" type="BoneAttachment3D" parent="VRPlayerRig/LeftHand/LeftCollisionHand/LeftPhysicsHand/Hand_Nails_low_L/Armature/Skeleton3D" index="15" unique_id=304925801]
transform = Transform3D(0.77257895, 0.6346031, 0.02001641, 0.07948446, -0.12794775, 0.9885905, 0.62992376, -0.7621731, -0.1492908, 0.0007783938, -0.031485725, -0.11172181)
bone_name = "Ring_Intermediate_L"
bone_idx = 17
script = ExtResource("6_itpvw")
length = 0.025

[node name="BoneRingDistal" type="BoneAttachment3D" parent="VRPlayerRig/LeftHand/LeftCollisionHand/LeftPhysicsHand/Hand_Nails_low_L/Armature/Skeleton3D" index="16" unique_id=1919473538]
transform = Transform3D(0.38138747, 0.9240679, 0.02533904, 0.11410464, -0.07425989, 0.9906892, 0.9173458, -0.37494507, -0.13376221, 0.018418808, -0.03504236, -0.13290837)
bone_name = "Ring_Distal_L"
bone_idx = 18
script = ExtResource("6_itpvw")
length = 0.02

[node name="BonePinkyMetacarpal" type="BoneAttachment3D" parent="VRPlayerRig/LeftHand/LeftCollisionHand/LeftPhysicsHand/Hand_Nails_low_L/Armature/Skeleton3D" index="17" unique_id=1382798010]
transform = Transform3D(0.9989686, 0.01653178, 0.042288676, -0.038595337, -0.18142645, 0.98264676, 0.023917189, -0.98326534, -0.18060131, -4.582105e-07, -0.029973432, 3.5930425e-05)
bone_name = "Little_Metacarpal_L"
bone_idx = 20
script = ExtResource("6_itpvw")
length = 0.07
width_ratio = 0.18

[node name="BonePinkyProximal" type="BoneAttachment3D" parent="VRPlayerRig/LeftHand/LeftCollisionHand/LeftPhysicsHand/Hand_Nails_low_L/Armature/Skeleton3D" index="18" unique_id=482321308]
transform = Transform3D(0.9692122, 0.23930426, 0.057974495, 0.018553527, -0.30576056, 0.95192754, 0.24552666, -0.921544, -0.30078688, 0.0010858651, -0.04189518, -0.0645756)
bone_name = "Little_Proximal_L"
bone_idx = 21
script = ExtResource("6_itpvw")
length = 0.02

[node name="BonePinkyMiddle" type="BoneAttachment3D" parent="VRPlayerRig/LeftHand/LeftCollisionHand/LeftPhysicsHand/Hand_Nails_low_L/Armature/Skeleton3D" index="19" unique_id=607486457]
transform = Transform3D(0.6993308, 0.7138156, 0.037460223, 0.103946626, -0.15340722, 0.9826807, 0.70719945, -0.68332475, -0.1814813, 0.009012471, -0.052023053, -0.0951004)
bone_name = "Little_Intermediate_L"
bone_idx = 22
script = ExtResource("6_itpvw")
length = 0.015

[node name="BonePinkyDistal" type="BoneAttachment3D" parent="VRPlayerRig/LeftHand/LeftCollisionHand/LeftPhysicsHand/Hand_Nails_low_L/Armature/Skeleton3D" index="20" unique_id=793106947]
transform = Transform3D(0.34089112, 0.9398443, 0.022029132, 0.1621622, -0.08186697, 0.9833622, 0.9260107, -0.3316469, -0.18031517, 0.02187856, -0.054788124, -0.10741691)
bone_name = "Little_Distal_L"
bone_idx = 23
script = ExtResource("6_itpvw")
length = 0.015

[node name="AnimationPlayer" parent="VRPlayerRig/LeftHand/LeftCollisionHand/LeftPhysicsHand/Hand_Nails_low_L" unique_id=1853012332 instance=ExtResource("7_xu6b7")]

[node name="AnimationTree" type="AnimationTree" parent="VRPlayerRig/LeftHand/LeftCollisionHand/LeftPhysicsHand" unique_id=1485792477]
root_node = NodePath("../Hand_Nails_low_L")
tree_root = SubResource("AnimationNodeBlendTree_wv2la")
anim_player = NodePath("../Hand_Nails_low_L/AnimationPlayer")
parameters/Grip/blend_amount = 0.0
parameters/Trigger/blend_amount = 0.0

[node name="MovementDirect" type="Node3D" parent="VRPlayerRig/LeftHand" unique_id=1941198081 groups=["movement_providers"]]
script = ExtResource("8_itpvw")
strafe = true
metadata/_custom_type_script = "uid://dc4hg8kq5ia5y"

[node name="FunctionPickup" type="Node3D" parent="VRPlayerRig/LeftHand" unique_id=881658864]
script = ExtResource("9_dmqwi")
metadata/_custom_type_script = "uid://b18kkstg643yw"

[node name="RightHand" type="XRController3D" parent="VRPlayerRig" unique_id=2098928534]
transform = Transform3D(-1, 0, -8.742278e-08, 0, 1, 0, 8.742278e-08, 0, -1, -1, 1, 1)
tracker = &"right_hand"

[node name="RightCollisionHand" type="AnimatableBody3D" parent="VRPlayerRig/RightHand" unique_id=52459164 node_paths=PackedStringArray("hand_skeleton")]
collision_layer = 2
collision_mask = 3
script = ExtResource("2_mgoiw")
hand_skeleton = NodePath("RightPhysicsHand/Hand_Nails_low_R/Armature/Skeleton3D")
metadata/_custom_type_script = "uid://c8vnltn217quj"

[node name="CollisionShape3D" type="CollisionShape3D" parent="VRPlayerRig/RightHand/RightCollisionHand" unique_id=1496012828]
shape = SubResource("BoxShape3D_ugpei")

[node name="RightPhysicsHand" type="Node3D" parent="VRPlayerRig/RightHand/RightCollisionHand" unique_id=626972748]
script = ExtResource("2_xm7cd")
bone_group = "RightHand"
hand_blend_tree = ExtResource("8_k1iu7")
default_pose = ExtResource("9_754ui")

[node name="Hand_Nails_low_R" parent="VRPlayerRig/RightHand/RightCollisionHand/RightPhysicsHand" unique_id=121338377 instance=ExtResource("10_dmqwi")]
transform = Transform3D(1, 0, 0, 0, 1, 0, 0, 0, 1, 0.01, 0, 0.05)

[node name="Skeleton3D" parent="VRPlayerRig/RightHand/RightCollisionHand/RightPhysicsHand/Hand_Nails_low_R/Armature" parent_id_path=PackedInt32Array(121338377, 1823243665) index="0" unique_id=1931136319]
bones/1/rotation = Quaternion(0.323537, 2.5658142e-05, 0.027220426, 0.9458239)
bones/2/rotation = Quaternion(-0.09044407, 0.04151748, 0.16629349, 0.98104167)
bones/3/rotation = Quaternion(-0.04661986, -0.020970985, -0.010327632, 0.9986392)
bones/5/rotation = Quaternion(-0.0012845465, 0.011608096, 0.01682588, 0.99979025)
bones/6/rotation = Quaternion(0.10292492, 0.009932085, 0.007944188, 0.9946078)
bones/7/rotation = Quaternion(-0.012859004, 0.023610815, 0.32325834, 0.94592875)
bones/8/rotation = Quaternion(0.012057537, 0.0092919255, 0.24747224, 0.96877545)
bones/10/rotation = Quaternion(-0.035753887, 0.00040003238, -0.0063676336, 0.9993403)
bones/11/rotation = Quaternion(-0.0026496367, 0.0011447114, 0.1259918, 0.9920271)
bones/12/rotation = Quaternion(0.03942253, -0.0019339275, 0.2280741, 0.97284347)
bones/13/rotation = Quaternion(-0.012339467, 0.008812944, 0.28066906, 0.9596848)
bones/15/rotation = Quaternion(-0.07026557, -0.010190836, 0.024330745, 0.99717957)
bones/16/rotation = Quaternion(-0.032063447, 0.002236245, 0.06863657, 0.99712384)
bones/17/rotation = Quaternion(0.025345206, -0.00812462, 0.24900547, 0.9681363)
bones/18/rotation = Quaternion(0.0025223275, -0.007880732, 0.24320383, 0.9699399)
bones/20/rotation = Quaternion(-0.09173688, -0.020302719, 0.010182976, 0.9955242)
bones/21/rotation = Quaternion(-0.06251817, 0.00022572096, 0.115392834, 0.99135065)
bones/22/rotation = Quaternion(0.058578644, -0.021648303, 0.26990518, 0.9608596)
bones/23/rotation = Quaternion(0.0068717655, 0.0035727452, 0.21195254, 0.97724926)

[node name="mesh_Hand_Nails_low_R" parent="VRPlayerRig/RightHand/RightCollisionHand/RightPhysicsHand/Hand_Nails_low_R/Armature/Skeleton3D" index="0" unique_id=398330829]
surface_material_override/0 = ExtResource("7_k1iu7")

[node name="BoneRoot" type="BoneAttachment3D" parent="VRPlayerRig/RightHand/RightCollisionHand/RightPhysicsHand/Hand_Nails_low_R/Armature/Skeleton3D" index="1" unique_id=1005517127]
transform = Transform3D(1, 1.8307694e-05, -1.526405e-08, -1.5267688e-08, 0.0016677378, 0.99999857, 1.8307695e-05, -0.9999985, 0.001667738, -3.8642522e-08, -1.8697472e-05, 0.027175574)
bone_name = "Wrist_R"
bone_idx = 0
script = ExtResource("6_itpvw")
width_ratio = 0.8

[node name="BoneThumbMetacarpal" type="BoneAttachment3D" parent="VRPlayerRig/RightHand/RightCollisionHand/RightPhysicsHand/Hand_Nails_low_R/Armature/Skeleton3D" index="2" unique_id=1933076900]
transform = Transform3D(0.99851906, -0.05146041, 0.017650949, 0.017650954, 0.61333454, 0.7896257, -0.051460408, -0.7881447, 0.6133346, -0.009999541, 0.020026565, 3.5932288e-05)
bone_name = "Thumb_Metacarpal_R"
bone_idx = 1
script = ExtResource("6_itpvw")
length = 0.05

[node name="BoneThumbProximal" type="BoneAttachment3D" parent="VRPlayerRig/RightHand/RightCollisionHand/RightPhysicsHand/Hand_Nails_low_R/Armature/Skeleton3D" index="3" unique_id=550423961]
transform = Transform3D(0.92147875, -0.3839583, 0.058762792, 0.12405168, 0.43426406, 0.8922026, -0.36808717, -0.8148562, 0.44779575, -0.012310961, 0.0475754, -0.035364762)
bone_name = "Thumb_Proximal_R"
bone_idx = 2
script = ExtResource("6_itpvw")

[node name="BoneThumbDistal" type="BoneAttachment3D" parent="VRPlayerRig/RightHand/RightCollisionHand/RightPhysicsHand/Hand_Nails_low_R/Armature/Skeleton3D" index="4" unique_id=150607556]
transform = Transform3D(0.9301587, -0.36684424, -0.01517079, 0.15403655, 0.3523961, 0.923087, -0.33328295, -0.8609542, 0.38429177, -0.028493993, 0.06587872, -0.069709234)
bone_name = "Thumb_Distal_R"
bone_idx = 3
script = ExtResource("6_itpvw")
length = 0.02

[node name="BoneIndexMetacarpal" type="BoneAttachment3D" parent="VRPlayerRig/RightHand/RightCollisionHand/RightPhysicsHand/Hand_Nails_low_R/Armature/Skeleton3D" index="5" unique_id=735108400]
transform = Transform3D(0.9991648, -0.033656217, 0.023168132, -0.023198467, -0.0005111295, 0.99973065, -0.03363532, -0.99943316, -0.0012914749, 0.010000459, 0.022431742, 3.5928562e-05)
bone_name = "Index_Metacarpal_R"
bone_idx = 5
script = ExtResource("6_itpvw")
length = 0.08
width_ratio = 0.2

[node name="BoneIndexProximal" type="BoneAttachment3D" parent="VRPlayerRig/RightHand/RightCollisionHand/RightPhysicsHand/Hand_Nails_low_R/Armature/Skeleton3D" index="6" unique_id=522778078]
transform = Transform3D(0.99782103, -0.0419385, 0.050932653, -0.04131695, 0.20466143, 0.97796035, -0.051438138, -0.97793394, 0.2024827, 0.00729559, 0.022390667, -0.0802861)
bone_name = "Index_Proximal_R"
bone_idx = 6
script = ExtResource("6_itpvw")

[node name="BoneIndexMiddle" type="BoneAttachment3D" parent="VRPlayerRig/RightHand/RightCollisionHand/RightPhysicsHand/Hand_Nails_low_R/Armature/Skeleton3D" index="7" unique_id=1094475404]
transform = Transform3D(0.75985116, -0.6444534, 0.08547411, 0.04058808, 0.17825109, 0.9831475, -0.6488287, -0.7435766, 0.16160142, 0.005697048, 0.030191608, -0.117561355)
bone_name = "Index_Intermediate_R"
bone_idx = 7
script = ExtResource("6_itpvw")
length = 0.025
bone_group = "IndexFinger"

[node name="BoneIndexDistal" type="BoneAttachment3D" parent="VRPlayerRig/RightHand/RightCollisionHand/RightPhysicsHand/Hand_Nails_low_R/Armature/Skeleton3D" index="8" unique_id=1571798510]
transform = Transform3D(0.35646746, -0.9271111, 0.11574113, 0.10928626, 0.16440357, 0.9803203, -0.92789406, -0.33680344, 0.15992501, -0.014503779, 0.03577901, -0.14086926)
bone_name = "Index_Distal_R"
bone_idx = 8
script = ExtResource("6_itpvw")
length = 0.02
bone_group = "IndexFinger"

[node name="BoneMiddleMetacarpal" type="BoneAttachment3D" parent="VRPlayerRig/RightHand/RightCollisionHand/RightPhysicsHand/Hand_Nails_low_R/Armature/Skeleton3D" index="9" unique_id=728979239]
transform = Transform3D(0.99991834, 0.01271652, 0.0012561651, -0.0003654892, -0.06980224, 0.99756074, 0.012773185, -0.9974796, -0.0697919, 0.010000459, 0.0035541577, 3.5928562e-05)
bone_name = "Middle_Metacarpal_R"
bone_idx = 10
script = ExtResource("6_itpvw")
length = 0.08
width_ratio = 0.2

[node name="BoneMiddleProximal" type="BoneAttachment3D" parent="VRPlayerRig/RightHand/RightCollisionHand/RightPhysicsHand/Hand_Nails_low_R/Armature/Skeleton3D" index="10" unique_id=458028706]
transform = Transform3D(0.9713454, -0.23765385, 0.0029300367, -0.020733912, -0.07245027, 0.99715644, -0.23676576, -0.968644, -0.07530175, 0.011023672, -0.0020623559, -0.080224514)
bone_name = "Middle_Proximal_R"
bone_idx = 11
script = ExtResource("6_itpvw")

[node name="BoneMiddleMiddle" type="BoneAttachment3D" parent="VRPlayerRig/RightHand/RightCollisionHand/RightPhysicsHand/Hand_Nails_low_R/Armature/Skeleton3D" index="11" unique_id=1347403666]
transform = Transform3D(0.76492214, -0.64316165, 0.03517177, -0.029032731, 0.020122524, 0.9993758, -0.6434679, -0.76546586, -0.003280595, 0.00032845046, -0.0053228606, -0.12381674)
bone_name = "Middle_Intermediate_R"
bone_idx = 12
script = ExtResource("6_itpvw")
length = 0.025

[node name="BoneMiddleDistal" type="BoneAttachment3D" parent="VRPlayerRig/RightHand/RightCollisionHand/RightPhysicsHand/Hand_Nails_low_R/Armature/Skeleton3D" index="12" unique_id=588020642]
transform = Transform3D(0.2971148, -0.9545305, 0.024381772, -0.037445355, 0.0138673, 0.9992023, -0.95410705, -0.29779086, -0.031622566, -0.020520724, -0.004670555, -0.1486306)
bone_name = "Middle_Distal_R"
bone_idx = 13
script = ExtResource("6_itpvw")
length = 0.02

[node name="BoneRingMetacarpal" type="BoneAttachment3D" parent="VRPlayerRig/RightHand/RightCollisionHand/RightPhysicsHand/Hand_Nails_low_R/Armature/Skeleton3D" index="13" unique_id=1717031573]
transform = Transform3D(0.99860924, -0.047073994, -0.023740869, 0.016988235, -0.13898115, 0.9901492, -0.04990981, -0.9891754, -0.13798815, 0.010000458, -0.01307344, 3.5930425e-05)
bone_name = "Ring_Metacarpal_R"
bone_idx = 15
script = ExtResource("6_itpvw")
length = 0.07
width_ratio = 0.2

[node name="BoneRingProximal" type="BoneAttachment3D" parent="VRPlayerRig/RightHand/RightCollisionHand/RightPhysicsHand/Hand_Nails_low_R/Armature/Skeleton3D" index="14" unique_id=1348302937]
transform = Transform3D(0.98296404, -0.18185405, -0.026658198, -0.010949357, -0.20272227, 0.97917485, -0.18347111, -0.96220183, -0.20125991, 0.0065196254, -0.023350239, -0.073107496)
bone_name = "Ring_Proximal_R"
bone_idx = 16
script = ExtResource("6_itpvw")
length = 0.028

[node name="BoneRingMiddle" type="BoneAttachment3D" parent="VRPlayerRig/RightHand/RightCollisionHand/RightPhysicsHand/Hand_Nails_low_R/Armature/Skeleton3D" index="15" unique_id=2091938093]
transform = Transform3D(0.77257895, -0.6346031, -0.02001641, -0.07948445, -0.12794775, 0.9885905, -0.6299237, -0.7621732, -0.14929081, -0.00077839615, -0.031485725, -0.11172181)
bone_name = "Ring_Intermediate_R"
bone_idx = 17
script = ExtResource("6_itpvw")
length = 0.025

[node name="BoneRingDistal" type="BoneAttachment3D" parent="VRPlayerRig/RightHand/RightCollisionHand/RightPhysicsHand/Hand_Nails_low_R/Armature/Skeleton3D" index="16" unique_id=862920870]
transform = Transform3D(0.3813874, -0.924068, -0.025339032, -0.11410463, -0.07425988, 0.9906892, -0.9173458, -0.37494507, -0.13376223, -0.01841881, -0.03504236, -0.13290837)
bone_name = "Ring_Distal_R"
bone_idx = 18
script = ExtResource("6_itpvw")
length = 0.02

[node name="BonePinkyMetacarpal" type="BoneAttachment3D" parent="VRPlayerRig/RightHand/RightCollisionHand/RightPhysicsHand/Hand_Nails_low_R/Armature/Skeleton3D" index="17" unique_id=1181801429]
transform = Transform3D(0.9989686, -0.01653178, -0.04228868, 0.03859534, -0.18142645, 0.98264676, -0.023917189, -0.98326534, -0.18060131, 4.582105e-07, -0.029973432, 3.5930425e-05)
bone_name = "Little_Metacarpal_R"
bone_idx = 20
script = ExtResource("6_itpvw")
length = 0.07
width_ratio = 0.18

[node name="BonePinkyProximal" type="BoneAttachment3D" parent="VRPlayerRig/RightHand/RightCollisionHand/RightPhysicsHand/Hand_Nails_low_R/Armature/Skeleton3D" index="18" unique_id=1579260944]
transform = Transform3D(0.9692122, -0.23930426, -0.057974495, -0.018553523, -0.30576056, 0.95192754, -0.24552666, -0.921544, -0.30078685, -0.0010858651, -0.04189518, -0.0645756)
bone_name = "Little_Proximal_R"
bone_idx = 21
script = ExtResource("6_itpvw")
length = 0.02

[node name="BonePinkyMiddle" type="BoneAttachment3D" parent="VRPlayerRig/RightHand/RightCollisionHand/RightPhysicsHand/Hand_Nails_low_R/Armature/Skeleton3D" index="19" unique_id=51041679]
transform = Transform3D(0.6993308, -0.7138156, -0.037460215, -0.10394662, -0.15340719, 0.9826807, -0.70719945, -0.68332475, -0.18148126, -0.009012471, -0.052023053, -0.0951004)
bone_name = "Little_Intermediate_R"
bone_idx = 22
script = ExtResource("6_itpvw")
length = 0.015

[node name="BonePinkyDistal" type="BoneAttachment3D" parent="VRPlayerRig/RightHand/RightCollisionHand/RightPhysicsHand/Hand_Nails_low_R/Armature/Skeleton3D" index="20" unique_id=1801138144]
transform = Transform3D(0.34089112, -0.9398443, -0.022029132, -0.16216217, -0.08186696, 0.9833622, -0.9260107, -0.3316469, -0.18031512, -0.02187856, -0.054788124, -0.10741691)
bone_name = "Little_Distal_R"
bone_idx = 23
script = ExtResource("6_itpvw")
length = 0.015

[node name="AnimationPlayer" parent="VRPlayerRig/RightHand/RightCollisionHand/RightPhysicsHand/Hand_Nails_low_R" unique_id=1452246980 instance=ExtResource("11_aknks")]

[node name="AnimationTree" type="AnimationTree" parent="VRPlayerRig/RightHand/RightCollisionHand/RightPhysicsHand" unique_id=1262059438]
root_node = NodePath("../Hand_Nails_low_R")
tree_root = SubResource("AnimationNodeBlendTree_qc1hd")
anim_player = NodePath("../Hand_Nails_low_R/AnimationPlayer")
parameters/Grip/blend_amount = 0.0
parameters/Trigger/blend_amount = 0.0

[node name="FunctionPickup" type="Node3D" parent="VRPlayerRig/RightHand" unique_id=1180648616]
script = ExtResource("9_dmqwi")
metadata/_custom_type_script = "uid://b18kkstg643yw"

[node name="PlayerBody" parent="VRPlayerRig" unique_id=1757658683 instance=ExtResource("14_k1iu7")]
collision_mask = 1021
head_behavior_mode = 0
physics = SubResource("Resource_754ui")

[node name="StaticBody3D" type="StaticBody3D" parent="." unique_id=1881761309]

[node name="MeshInstance3D" type="MeshInstance3D" parent="StaticBody3D" unique_id=1440045774]
transform = Transform3D(1, 0, 0, 0, 1, 0, 0, 0, 1, 0, -0.5, 0)
mesh = SubResource("BoxMesh_k1iu7")

[node name="CollisionShape3D" type="CollisionShape3D" parent="StaticBody3D" unique_id=341499345]
transform = Transform3D(1, 0, 0, 0, 1, 0, 0, 0, 1, 0, -0.5, 0)
shape = SubResource("BoxShape3D_754ui")

[editable path="VRPlayerRig/LeftHand/LeftCollisionHand/LeftPhysicsHand/Hand_Nails_low_L"]
[editable path="VRPlayerRig/RightHand/RightCollisionHand/RightPhysicsHand/Hand_Nails_low_R"]
